# unix_time, cycles_done, cur_path, paths_total, pending_total, pending_favs, map_size, unique_crashes, unique_hangs, max_depth, execs_per_sec
1489734213, 0, 0, 2, 2, 2, 0.88%, 0, 0, 1, 141.59
1489734224, 0, 0, 5, 5, 2, 0.90%, 0, 0, 2, 199.27
1489734229, 0, 0, 30, 30, 2, 0.98%, 0, 19, 2, 176.11
1489734234, 0, 0, 39, 39, 2, 0.98%, 0, 23, 2, 158.08
1489734239, 0, 0, 53, 53, 2, 0.99%, 0, 31, 2, 174.71
1489734244, 0, 0, 65, 65, 2, 1.06%, 0, 34, 2, 311.02
1489734250, 0, 0, 68, 68, 2, 1.06%, 0, 34, 2, 352.46
1489734255, 0, 0, 77, 77, 2, 1.07%, 0, 37, 2, 303.21
1489734260, 0, 0, 78, 78, 2, 1.07%, 0, 38, 2, 311.61
1489734280, 0, 0, 81, 81, 2, 1.07%, 0, 44, 2, 283.62
1489734285, 0, 0, 87, 87, 2, 1.07%, 0, 47, 2, 238.80
1489734291, 0, 0, 91, 91, 2, 1.07%, 0, 48, 2, 262.28
1489734296, 0, 0, 101, 101, 2, 1.08%, 0, 52, 2, 208.22
1489734301, 0, 0, 107, 107, 2, 1.08%, 0, 52, 2, 192.63
1489734306, 0, 0, 112, 112, 2, 1.08%, 0, 52, 2, 176.84
1489734311, 0, 0, 117, 117, 2, 1.08%, 0, 53, 2, 162.97
1489734316, 0, 0, 122, 122, 2, 1.08%, 0, 53, 2, 153.95
1489734321, 0, 0, 124, 124, 2, 1.08%, 0, 53, 2, 187.03
1489734326, 0, 0, 125, 125, 2, 1.08%, 0, 53, 2, 182.93
1489734337, 0, 0, 127, 127, 2, 1.08%, 0, 54, 2, 200.25
1489734342, 0, 0, 129, 129, 2, 1.08%, 0, 55, 2, 169.46
1489734347, 0, 0, 129, 129, 2, 1.08%, 0, 56, 2, 134.92
1489734352, 0, 0, 131, 131, 2, 1.09%, 0, 56, 2, 130.84
1489734388, 0, 0, 132, 132, 2, 1.09%, 0, 57, 2, 127.31
1489734408, 0, 0, 132, 132, 2, 1.09%, 0, 58, 2, 202.07
1489734424, 0, 0, 134, 134, 2, 1.09%, 0, 58, 2, 291.39
1489734434, 0, 0, 135, 135, 2, 1.09%, 0, 58, 2, 346.34
1489734439, 0, 0, 137, 137, 2, 1.09%, 0, 58, 2, 374.40
1489734449, 0, 0, 137, 137, 2, 1.09%, 0, 59, 2, 358.79
1489734454, 0, 0, 139, 139, 2, 1.09%, 0, 59, 2, 313.00
1489734460, 0, 0, 145, 145, 2, 1.11%, 0, 62, 2, 183.87
1489734465, 0, 0, 145, 145, 2, 1.11%, 0, 63, 2, 131.33
1489734475, 0, 0, 146, 146, 2, 1.11%, 0, 63, 2, 242.30
1489734480, 0, 0, 147, 147, 2, 1.11%, 0, 63, 2, 340.90
1489734485, 0, 0, 148, 148, 2, 1.12%, 0, 63, 2, 290.12
1489734501, 0, 0, 149, 149, 2, 1.12%, 0, 63, 2, 355.27
